##FastQC	0.11.9
>>Basic Statistics	pass
#Measure	Value
Filename	toy_SRR5152513_1_fastq
File type	Conventional base calls
Encoding	Sanger / Illumina 1.9
Total Sequences	15000
Sequences flagged as poor quality	0
Sequence length	26-76
%GC	55
>>END_MODULE
>>Per base sequence quality	pass
#Base	Mean	Median	Lower Quartile	Upper Quartile	10th Percentile	90th Percentile
1	31.78473333333333	32.0	32.0	32.0	32.0	32.0
2	31.775133333333333	32.0	32.0	32.0	32.0	32.0
3	31.8322	32.0	32.0	32.0	32.0	32.0
4	31.853533333333335	32.0	32.0	32.0	32.0	32.0
5	31.8396	32.0	32.0	32.0	32.0	32.0
6	35.6248	36.0	36.0	36.0	36.0	36.0
7	35.541866666666664	36.0	36.0	36.0	36.0	36.0
8	35.565333333333335	36.0	36.0	36.0	36.0	36.0
9	35.57573333333333	36.0	36.0	36.0	36.0	36.0
10-11	35.571866666666665	36.0	36.0	36.0	36.0	36.0
12-13	35.631933333333336	36.0	36.0	36.0	36.0	36.0
14-15	35.583133333333336	36.0	36.0	36.0	36.0	36.0
16-17	35.582166666666666	36.0	36.0	36.0	36.0	36.0
18-19	35.59126666666667	36.0	36.0	36.0	36.0	36.0
20-21	35.5595	36.0	36.0	36.0	36.0	36.0
22-23	35.56956666666667	36.0	36.0	36.0	36.0	36.0
24-25	35.50066666666667	36.0	36.0	36.0	36.0	36.0
26-27	35.506149163165965	36.0	36.0	36.0	36.0	36.0
28-29	35.41820101853602	36.0	36.0	36.0	36.0	36.0
30-31	35.46404148983801	36.0	36.0	36.0	36.0	36.0
32-33	35.47391078412555	36.0	36.0	36.0	36.0	36.0
34-35	35.459581170523066	36.0	36.0	36.0	36.0	36.0
36-37	35.41343298022708	36.0	36.0	36.0	36.0	36.0
38-39	35.42232121047205	36.0	36.0	36.0	36.0	36.0
40-41	35.391305025962666	36.0	36.0	36.0	36.0	36.0
42-43	35.41460061580184	36.0	36.0	36.0	36.0	36.0
44-45	35.402053762105666	36.0	36.0	36.0	36.0	36.0
46-47	35.36024293048723	36.0	36.0	36.0	36.0	36.0
48-49	35.35198697167385	36.0	36.0	36.0	36.0	36.0
50-51	35.28472121472002	36.0	36.0	36.0	36.0	36.0
52-53	35.289634014006566	36.0	36.0	36.0	36.0	36.0
54-55	35.240804238437775	36.0	36.0	36.0	36.0	36.0
56-57	35.20931631408555	36.0	36.0	36.0	36.0	36.0
58-59	35.14525819605288	36.0	36.0	36.0	36.0	36.0
60-61	35.09496352608126	36.0	36.0	36.0	36.0	36.0
62-63	35.18023893649689	36.0	36.0	36.0	36.0	36.0
64-65	35.22186078335437	36.0	36.0	36.0	36.0	36.0
66-67	35.15651654232329	36.0	36.0	36.0	34.0	36.0
68-69	34.99965976359678	36.0	36.0	36.0	32.0	36.0
70-71	35.02014523168751	36.0	36.0	36.0	32.0	36.0
72-73	35.015896661989046	36.0	36.0	36.0	32.0	36.0
74-75	34.965181908958016	36.0	36.0	36.0	32.0	36.0
76	34.642584060386234	36.0	32.0	36.0	32.0	36.0
>>END_MODULE
>>Per sequence quality scores	pass
#Quality	Count
24	4.0
25	3.0
26	8.0
27	28.0
28	61.0
29	112.0
30	159.0
31	250.0
32	341.0
33	594.0
34	1490.0
35	11950.0
>>END_MODULE
>>Per base sequence content	fail
#Base	G	A	T	C
1	33.42666666666666	7.206666666666667	5.3133333333333335	54.05333333333333
2	20.686666666666667	9.5	37.513333333333335	32.300000000000004
3	18.7	11.173333333333334	22.773333333333333	47.35333333333333
4	27.3	17.4	20.72	34.58
5	26.793333333333337	22.586666666666666	24.12	26.5
6	24.4	25.72	23.546666666666667	26.333333333333332
7	20.26	19.733333333333334	36.8	23.206666666666667
8	21.12	18.126666666666665	30.313333333333333	30.44
9	22.14	16.36	32.96666666666667	28.53333333333333
10-11	24.333333333333336	24.246666666666666	22.576666666666668	28.843333333333334
12-13	25.33666666666667	18.5	25.303333333333335	30.86
14-15	24.403333333333332	19.85	25.27333333333333	30.473333333333336
16-17	25.590000000000003	19.986666666666668	24.41	30.013333333333332
18-19	25.063333333333333	20.91	24.136666666666667	29.89
20-21	25.02333333333333	21.176666666666666	23.986666666666668	29.81333333333333
22-23	25.313333333333333	20.743333333333332	24.02	29.923333333333336
24-25	25.503333333333334	20.14333333333333	23.923333333333332	30.43
26-27	25.017502917152857	20.82013668944824	24.504084014002334	29.658276379396565
28-29	25.702945198625798	20.99329575397752	23.528234548547413	29.775524498849272
30-31	25.346237276822958	21.14133155347906	23.24044718838645	30.27198398131153
32-33	25.171089968285763	21.004840594224667	23.56534802203305	30.25872141545652
34-35	25.68700123543357	20.978997629303148	23.276236268322815	30.057764866940467
36-37	25.675630532821113	21.0188742274929	23.27375981292801	30.031735426757976
38-39	25.49969917775252	21.17454375292466	23.139915769770706	30.18584129955211
40-41	25.49498327759197	21.297658862876254	23.732441471571907	29.474916387959865
42-43	25.972765900498512	20.512563150322862	23.34972732443374	30.16494362474489
44-45	25.405803407075204	21.202182134609593	23.52823052980354	29.863783928511662
46-47	26.080841231037137	21.201567261645625	22.765480057600215	29.952111449717023
48-49	25.512597158938622	21.321361565264006	23.314794961136425	29.85124631466095
50-51	26.138992255858394	21.30141808307352	23.068155151027522	29.491434510040566
52-53	26.19590741361959	21.54310634015431	22.629989936262998	29.6309963099631
54-55	26.060687432867883	21.25067132116004	22.754430719656284	29.93421052631579
56-57	25.874689409710566	20.804512792962193	23.631723860049693	29.68907393727755
58-59	26.15255376344086	21.43481182795699	22.960349462365592	29.452284946236556
60-61	26.239155289528547	21.22536821575089	22.698231219315353	29.837245275405206
62-63	26.174451473953425	20.94158029344461	23.155875622560238	29.728092610041728
64-65	26.565183713333106	21.361937156905668	22.5204593675277	29.552419762233523
66-67	26.219286123563318	21.426404664801645	22.525194647611986	29.829114564023058
68-69	26.09853977675109	21.17492327926348	23.596263447206017	29.130273496779413
70-71	26.40745240988254	21.07128392061563	22.80275415147833	29.718509518023488
72-73	26.36729994242948	21.216431304818993	22.36784178265434	30.048426970097193
74-75	26.314660565545346	18.56432988953634	24.20190898366282	30.919100561255497
76	26.958141358690323	0.0	31.261641015586704	41.78021762572297
>>END_MODULE
>>Per sequence GC content	pass
#GC Content	Count
0	0.0
1	0.0
2	0.0
3	0.0
4	0.0
5	0.0
6	0.0
7	0.0
8	0.0
9	0.0
10	0.0
11	0.0
12	0.0
13	0.0
14	0.0
15	0.0
16	0.0
17	0.0
18	0.0
19	0.0
20	0.0
21	0.0
22	0.0
23	0.0
24	0.0
25	0.0
26	0.0
27	0.5
28	3.0
29	6.0
30	7.5
31	9.0
32	16.0
33	24.0
34	29.5
35	43.5
36	60.5
37	67.0
38	91.5
39	137.5
40	175.5
41	205.0
42	234.0
43	271.5
44	330.0
45	405.5
46	456.0
47	518.0
48	624.0
49	701.5
50	726.0
51	736.0
52	777.0
53	851.5
54	898.0
55	893.5
56	911.5
57	944.0
58	932.0
59	923.0
60	920.5
61	862.0
62	794.0
63	734.0
64	693.0
65	615.0
66	477.5
67	414.5
68	378.5
69	289.5
70	212.5
71	172.5
72	129.5
73	96.0
74	62.0
75	32.5
76	21.0
77	16.0
78	10.0
79	3.0
80	2.5
81	1.5
82	1.0
83	1.0
84	0.5
85	0.0
86	0.0
87	0.0
88	0.0
89	0.0
90	0.0
91	0.0
92	0.0
93	0.0
94	0.0
95	0.0
96	0.0
97	0.0
98	0.0
99	0.0
100	0.0
>>END_MODULE
>>Per base N content	pass
#Base	N-Count
1	0.0
2	0.0
3	0.0
4	0.0
5	0.0
6	0.0
7	0.0
8	0.0
9	0.0
10-11	0.0
12-13	0.0
14-15	0.0
16-17	0.0
18-19	0.0
20-21	0.0
22-23	0.0
24-25	0.0
26-27	0.006667333400006668
28-29	0.0
30-31	0.0
32-33	0.0
34-35	0.0
36-37	0.0
38-39	0.0
40-41	0.0
42-43	0.0
44-45	0.0
46-47	0.0
48-49	0.0
50-51	0.0
52-53	0.0
54-55	0.0
56-57	0.0
58-59	0.0
60-61	0.0
62-63	0.0
64-65	0.0
66-67	0.0
68-69	0.0
70-71	0.0
72-73	0.0
74-75	0.0
76	0.0
>>END_MODULE
>>Sequence Length Distribution	warn
#Length	Count
26-27	6.0
28-29	10.0
30-31	5.0
32-33	4.0
34-35	5.0
36-37	9.0
38-39	9.0
40-41	7.0
42-43	3.0
44-45	8.0
46-47	8.0
48-49	9.0
50-51	10.0
52-53	9.0
54-55	6.0
56-57	8.0
58-59	13.0
60-61	12.0
62-63	10.0
64-65	11.0
66-67	9.0
68-69	12.0
70-71	26.0
72-73	294.0
74-75	4296.0
76-77	10201.0
>>END_MODULE
>>Sequence Duplication Levels	pass
#Total Deduplicated Percentage	96.78
#Duplication Level	Percentage of deduplicated	Percentage of total
1	97.5408142178136	94.39999999999999
2	1.9838809671419715	3.84
3	0.303092925535579	0.88
4	0.08266170696424882	0.32
5	0.034442377901770335	0.16666666666666669
6	0.013776951160708133	0.08
7	0.027553902321416267	0.18666666666666668
8	0.006888475580354067	0.05333333333333334
9	0.0	0.0
>10	0.006888475580354067	0.07333333333333333
>50	0.0	0.0
>100	0.0	0.0
>500	0.0	0.0
>1k	0.0	0.0
>5k	0.0	0.0
>10k+	0.0	0.0
>>END_MODULE
>>Overrepresented sequences	pass
>>END_MODULE
>>Adapter Content	pass
#Position	Illumina Universal Adapter	Illumina Small RNA 3' Adapter	Illumina Small RNA 5' Adapter	Nextera Transposase Sequence	SOLID Small RNA Adapter
1	0.0	0.0	0.0	0.0	0.0
2	0.0	0.0	0.0	0.0	0.0
3	0.0	0.0	0.0	0.0	0.0
4	0.0	0.0	0.0	0.0	0.0
5	0.0	0.0	0.0	0.0	0.0
6	0.0	0.0	0.0	0.0	0.0
7	0.0	0.0	0.0	0.0	0.0
8	0.0	0.0	0.0	0.0	0.0
9	0.0	0.0	0.0	0.0	0.0
10	0.0	0.0	0.0	0.0	0.0
11	0.0	0.0	0.0	0.0	0.0
12	0.0	0.0	0.0	0.0	0.0
13	0.0	0.0	0.0	0.0	0.0
14	0.0	0.0	0.0	0.0	0.0
15	0.0	0.0	0.0	0.0	0.0
16	0.0	0.0	0.0	0.0	0.0
17	0.0	0.0	0.0	0.0	0.0
18	0.0	0.0	0.0	0.0	0.0
19	0.0	0.0	0.0	0.0	0.0
20	0.0	0.0	0.0	0.0	0.0
21	0.0	0.0	0.0	0.0	0.0
22	0.0	0.0	0.0	0.0	0.0
23	0.0	0.0	0.0	0.0	0.0
24	0.0	0.0	0.0	0.0	0.0
25	0.0	0.0	0.0	0.0	0.0
26	0.0	0.0	0.0	0.0	0.0
27	0.0	0.0	0.0	0.0	0.0
28	0.0	0.0	0.0	0.0	0.0
29	0.0	0.0	0.0	0.0	0.0
30	0.0	0.0	0.0	0.0	0.0
31	0.0	0.0	0.0	0.0	0.0
32	0.0	0.0	0.0	0.0	0.0
33	0.0	0.0	0.0	0.0	0.0
34	0.0	0.0	0.0	0.0	0.0
35	0.0	0.0	0.0	0.0	0.0
36	0.0	0.0	0.0	0.0	0.0
37	0.0	0.0	0.0	0.0	0.0
38	0.0	0.0	0.0	0.0	0.0
39	0.0	0.0	0.0	0.0	0.0
40	0.0	0.0	0.0	0.0	0.0
41	0.0	0.0	0.0	0.0	0.0
42	0.0	0.0	0.0	0.0	0.0
43	0.0	0.0	0.0	0.0	0.0
44	0.0	0.0	0.0	0.0	0.0
45	0.0	0.0	0.0	0.0	0.0
46	0.0	0.0	0.0	0.0	0.0
47	0.0	0.0	0.0	0.0	0.0
48	0.0	0.0	0.0	0.0	0.0
49	0.0	0.0	0.0	0.0	0.0
50	0.0	0.0	0.0	0.0	0.0
51	0.0	0.0	0.0	0.0	0.0
52	0.0	0.0	0.0	0.0	0.0
53	0.0	0.0	0.0	0.0	0.0
54	0.0	0.0	0.0	0.0	0.0
55	0.0	0.0	0.0	0.0	0.0
56	0.0	0.0	0.0	0.0	0.0
57	0.0	0.0	0.0	0.0	0.0
58	0.0	0.0	0.0	0.0	0.0
59	0.0	0.0	0.0	0.0	0.0
60	0.0	0.0	0.0	0.0	0.0
61	0.0	0.0	0.0	0.0	0.0
62	0.0	0.0	0.0	0.0	0.0
63	0.0	0.0	0.0	0.0	0.0
64	0.0	0.0	0.0	0.0	0.0
65	0.0	0.0	0.0	0.0	0.0
>>END_MODULE
