##FastQC	0.11.9
>>Basic Statistics	pass
#Measure	Value
Filename	toy_SRR5152513_2_fastq
File type	Conventional base calls
Encoding	Sanger / Illumina 1.9
Total Sequences	15000
Sequences flagged as poor quality	0
Sequence length	26-76
%GC	55
>>END_MODULE
>>Per base sequence quality	pass
#Base	Mean	Median	Lower Quartile	Upper Quartile	10th Percentile	90th Percentile
1	31.6586	32.0	32.0	32.0	32.0	32.0
2	31.4218	32.0	32.0	32.0	32.0	32.0
3	31.414	32.0	32.0	32.0	32.0	32.0
4	31.288066666666666	32.0	32.0	32.0	32.0	32.0
5	31.2272	32.0	32.0	32.0	32.0	32.0
6	34.56946666666666	36.0	36.0	36.0	32.0	36.0
7	34.6156	36.0	36.0	36.0	32.0	36.0
8	34.60873333333333	36.0	36.0	36.0	32.0	36.0
9	34.577	36.0	36.0	36.0	32.0	36.0
10-11	34.58873333333334	36.0	36.0	36.0	32.0	36.0
12-13	34.5963	36.0	36.0	36.0	32.0	36.0
14-15	34.515366666666665	36.0	36.0	36.0	32.0	36.0
16-17	34.15526666666666	36.0	36.0	36.0	32.0	36.0
18-19	34.1699	36.0	36.0	36.0	32.0	36.0
20-21	34.1922	36.0	36.0	36.0	29.5	36.0
22-23	34.107033333333334	36.0	36.0	36.0	29.5	36.0
24-25	33.977133333333335	36.0	36.0	36.0	27.0	36.0
26-27	33.863094487068295	36.0	36.0	36.0	27.0	36.0
28-29	33.92337945302292	36.0	36.0	36.0	27.0	36.0
30-31	33.8955693958856	36.0	36.0	36.0	27.0	36.0
32-33	33.10113259375263	36.0	32.0	36.0	27.0	36.0
34-35	33.13821787801078	36.0	32.0	36.0	27.0	36.0
36-37	33.08278655574246	36.0	32.0	36.0	27.0	36.0
38-39	33.34386076196618	36.0	34.0	36.0	27.0	36.0
40-41	33.023458072471755	36.0	32.0	36.0	27.0	36.0
42-43	32.94785457561825	36.0	32.0	36.0	27.0	36.0
44-45	32.976359735241395	36.0	32.0	36.0	27.0	36.0
46-47	32.92733359006661	36.0	32.0	36.0	27.0	36.0
48-49	32.91245104323589	36.0	32.0	36.0	27.0	36.0
50-51	32.79873400859644	36.0	32.0	36.0	27.0	36.0
52-53	32.05251942203811	32.0	32.0	36.0	27.0	36.0
54-55	32.59320232946767	36.0	32.0	36.0	27.0	36.0
56-57	31.851928169088943	32.0	32.0	36.0	27.0	36.0
58-59	31.915076327393272	32.0	32.0	36.0	27.0	36.0
60-61	31.663910605873017	32.0	29.5	36.0	27.0	36.0
62-63	31.637227400931476	32.0	29.5	36.0	27.0	36.0
64-65	31.678907906888973	32.0	29.5	36.0	27.0	36.0
66-67	31.40028647077409	32.0	27.0	36.0	24.0	36.0
68-69	31.20674791290339	32.0	27.0	36.0	24.0	36.0
70-71	31.16666236433737	32.0	27.0	36.0	27.0	36.0
72-73	31.132898480938422	32.0	27.0	36.0	27.0	36.0
74-75	31.317411268555645	32.0	27.0	36.0	27.0	36.0
76	30.060330846578008	32.0	27.0	32.0	27.0	36.0
>>END_MODULE
>>Per sequence quality scores	pass
#Quality	Count
21	5.0
22	16.0
23	25.0
24	67.0
25	112.0
26	203.0
27	299.0
28	417.0
29	608.0
30	770.0
31	1179.0
32	2068.0
33	3573.0
34	4892.0
35	766.0
>>END_MODULE
>>Per base sequence content	fail
#Base	G	A	T	C
1	32.03333333333334	16.086666666666666	7.846666666666667	44.03333333333334
2	32.79333333333334	22.613333333333333	24.886666666666667	19.706666666666667
3	24.146666666666665	26.400000000000002	23.233333333333334	26.22
4	29.060000000000002	29.133333333333333	17.14	24.666666666666668
5	30.44	31.3	16.706666666666667	21.55333333333333
6	26.053333333333335	34.31333333333333	16.36	23.273333333333333
7	25.833333333333336	20.033333333333335	28.7	25.433333333333337
8	24.973333333333333	22.220000000000002	22.34	30.466666666666665
9	27.1	21.46666666666667	24.513333333333335	26.919999999999998
10-11	28.470000000000002	26.76	17.84	26.93
12-13	28.903333333333332	22.743333333333332	20.136666666666667	28.21666666666667
14-15	28.15666666666667	24.610000000000003	20.403333333333336	26.83
16-17	29.683333333333334	24.066666666666666	19.153333333333332	27.096666666666668
18-19	28.810000000000002	24.263333333333335	20.04	26.886666666666663
20-21	29.063333333333336	24.076666666666664	20.146666666666665	26.713333333333335
22-23	28.866666666666667	23.5	21.063333333333333	26.57
24-25	28.410000000000004	23.533333333333335	20.630000000000003	27.426666666666666
26-27	28.22368201673947	23.968788555803794	20.657574443962787	27.149954983493945
28-29	29.870086497678923	23.594830177336938	20.14494205657416	26.390141268409977
30-31	29.290158560246205	23.747240248879372	20.23482973171874	26.727771459155687
32-33	29.34262080975185	24.165299219718026	20.16342386390275	26.328656106627374
34-35	29.245314647802328	24.186140074429208	19.861199584269286	26.707345693499178
36-37	28.54120491638122	23.305796225401306	20.79051648868292	27.362482369534558
38-39	28.678572629738003	24.319779369723875	20.478929135976863	26.522718864561263
40-41	28.558434120540376	23.339958899033117	20.506687329447832	27.59491965097867
42-43	28.82402564535178	23.3473932849671	20.985321410494347	26.843259659186774
44-45	29.259058950784205	23.039480800432667	20.686857760951867	27.014602487831258
46-47	29.37574014549146	23.035019455252918	20.99475554051768	26.594484858737943
48-49	28.953252032520325	23.12669376693767	21.33130081300813	26.588753387533874
50-51	29.519217710172484	23.22083389922586	21.278690751052558	25.9812576395491
52-53	29.905143983952676	22.80624213783021	20.41274266480808	26.875871213409035
54-55	28.901753788523756	23.12276519666269	21.277030478460755	26.6984505363528
56-57	29.17931057997204	23.46823962630843	21.07811381226772	26.274335981451806
58-59	29.36819469570263	22.64737003788784	21.125029866539236	26.859405399870294
60-61	28.583635245061178	23.34746052361747	20.879759382049354	27.189144849271997
62-63	28.96917808219178	23.4486301369863	20.972602739726025	26.609589041095887
64-65	29.47231180951074	22.949975982982227	20.757565360598367	26.820146846908667
66-67	29.280021984061555	22.715718604012093	21.290189612530916	26.71406979939544
68-69	28.904637401954037	23.338378973441586	21.559790835282787	26.197192789321587
70-71	29.43527547117803	22.48216931399235	21.3382489749509	26.744306239878718
72-73	29.252738111742687	22.591154859281854	21.12851795369472	27.027589075280744
74-75	30.149109433681627	19.428847655523743	22.44078384709776	27.98125906369687
76	31.322305114066385	0.0	29.66807222402422	39.00962266190939
>>END_MODULE
>>Per sequence GC content	warn
#GC Content	Count
0	0.0
1	0.0
2	0.0
3	0.5
4	1.0
5	0.5
6	0.0
7	0.0
8	0.5
9	1.0
10	0.5
11	0.0
12	0.0
13	0.0
14	0.0
15	0.0
16	0.0
17	0.0
18	0.5
19	1.0
20	1.0
21	0.5
22	0.0
23	0.0
24	0.5
25	1.0
26	4.0
27	5.5
28	3.5
29	5.0
30	11.5
31	14.0
32	21.0
33	32.5
34	41.0
35	51.0
36	70.5
37	87.5
38	105.5
39	138.5
40	186.5
41	248.5
42	279.5
43	296.0
44	340.5
45	405.5
46	458.0
47	526.0
48	604.0
49	658.0
50	679.0
51	713.0
52	773.0
53	797.5
54	809.5
55	869.5
56	945.0
57	961.5
58	959.5
59	947.0
60	933.0
61	891.5
62	833.5
63	784.5
64	701.5
65	603.5
66	501.5
67	426.5
68	364.0
69	314.0
70	249.5
71	182.5
72	142.5
73	90.5
74	54.5
75	35.5
76	24.5
77	14.5
78	6.0
79	4.0
80	5.5
81	6.5
82	7.0
83	6.0
84	2.5
85	1.0
86	1.0
87	1.0
88	1.0
89	0.5
90	0.0
91	0.5
92	1.0
93	1.5
94	1.5
95	1.0
96	1.0
97	1.0
98	1.0
99	3.5
100	6.0
>>END_MODULE
>>Per base N content	pass
#Base	N-Count
1	0.0
2	0.0
3	0.0
4	0.0
5	0.0
6	0.0
7	0.0
8	0.0
9	0.0
10-11	0.0
12-13	0.0
14-15	0.0
16-17	0.0
18-19	0.0
20-21	0.0
22-23	0.0
24-25	0.0
26-27	0.0
28-29	0.0
30-31	0.0
32-33	0.0
34-35	0.0
36-37	0.0
38-39	0.0
40-41	0.0
42-43	0.0
44-45	0.0
46-47	0.0
48-49	0.0
50-51	0.0
52-53	0.0
54-55	0.0
56-57	0.0
58-59	0.0
60-61	0.0
62-63	0.0
64-65	0.0
66-67	0.0
68-69	0.0
70-71	0.0
72-73	0.0
74-75	0.0
76	0.0
>>END_MODULE
>>Sequence Length Distribution	warn
#Length	Count
26-27	22.0
28-29	26.0
30-31	19.0
32-33	13.0
34-35	27.0
36-37	22.0
38-39	23.0
40-41	26.0
42-43	25.0
44-45	16.0
46-47	13.0
48-49	35.0
50-51	21.0
52-53	24.0
54-55	18.0
56-57	17.0
58-59	19.0
60-61	26.0
62-63	31.0
64-65	16.0
66-67	20.0
68-69	24.0
70-71	48.0
72-73	440.0
74-75	4780.0
76-77	9249.0
>>END_MODULE
>>Sequence Duplication Levels	pass
#Total Deduplicated Percentage	97.94666666666667
#Duplication Level	Percentage of deduplicated	Percentage of total
1	98.2643615573101	96.24666666666667
2	1.442962156275524	2.8266666666666667
3	0.2314184590253199	0.6799999999999999
4	0.054451402123604685	0.21333333333333335
5	0.006806425265450586	0.03333333333333333
6	0.0	0.0
7	0.0	0.0
8	0.0	0.0
9	0.0	0.0
>10	0.0	0.0
>50	0.0	0.0
>100	0.0	0.0
>500	0.0	0.0
>1k	0.0	0.0
>5k	0.0	0.0
>10k+	0.0	0.0
>>END_MODULE
>>Overrepresented sequences	pass
>>END_MODULE
>>Adapter Content	pass
#Position	Illumina Universal Adapter	Illumina Small RNA 3' Adapter	Illumina Small RNA 5' Adapter	Nextera Transposase Sequence	SOLID Small RNA Adapter
1	0.0	0.0	0.0	0.0	0.0
2	0.0	0.0	0.0	0.0	0.0
3	0.0	0.0	0.0	0.0	0.0
4	0.0	0.0	0.0	0.0	0.0
5	0.0	0.0	0.0	0.0	0.0
6	0.0	0.0	0.0	0.0	0.0
7	0.0	0.0	0.0	0.0	0.0
8	0.0	0.0	0.0	0.0	0.0
9	0.0	0.0	0.0	0.0	0.0
10	0.0	0.0	0.0	0.0	0.0
11	0.0	0.0	0.0	0.0	0.0
12	0.0	0.0	0.0	0.0	0.0
13	0.0	0.0	0.0	0.0	0.0
14	0.0	0.0	0.0	0.0	0.0
15	0.0	0.0	0.0	0.0	0.0
16	0.0	0.0	0.0	0.0	0.0
17	0.0	0.0	0.0	0.0	0.0
18	0.0	0.0	0.0	0.0	0.0
19	0.0	0.0	0.0	0.0	0.0
20	0.0	0.0	0.0	0.0	0.0
21	0.0	0.0	0.0	0.0	0.0
22	0.0	0.0	0.0	0.0	0.0
23	0.0	0.0	0.0	0.0	0.0
24	0.0	0.0	0.0	0.0	0.0
25	0.0	0.0	0.0	0.0	0.0
26	0.0	0.0	0.0	0.0	0.0
27	0.0	0.0	0.0	0.0	0.0
28	0.0	0.0	0.0	0.0	0.0
29	0.0	0.0	0.0	0.0	0.0
30	0.0	0.0	0.0	0.0	0.0
31	0.0	0.0	0.0	0.0	0.0
32	0.0	0.0	0.0	0.0	0.0
33	0.0	0.0	0.0	0.0	0.0
34	0.0	0.0	0.0	0.0	0.0
35	0.0	0.0	0.0	0.0	0.0
36	0.0	0.0	0.0	0.0	0.0
37	0.0	0.0	0.0	0.0	0.0
38	0.0	0.0	0.0	0.0	0.0
39	0.0	0.0	0.0	0.0	0.0
40	0.0	0.0	0.0	0.0	0.0
41	0.0	0.0	0.0	0.0	0.0
42	0.0	0.0	0.0	0.0	0.0
43	0.0	0.0	0.0	0.0	0.0
44	0.0	0.0	0.0	0.0	0.0
45	0.0	0.0	0.0	0.0	0.0
46	0.0	0.0	0.0	0.0	0.0
47	0.0	0.0	0.0	0.0	0.0
48	0.0	0.0	0.0	0.0	0.0
49	0.0	0.0	0.0	0.0	0.0
50	0.0	0.0	0.0	0.0	0.0
51	0.0	0.0	0.0	0.0	0.0
52	0.0	0.0	0.0	0.0	0.0
53	0.0	0.0	0.0	0.0	0.0
54	0.0	0.0	0.0	0.0	0.0
55	0.0	0.0	0.0	0.0	0.0
56	0.0	0.0	0.0	0.0	0.0
57	0.0	0.0	0.0	0.0	0.0
58	0.0	0.0	0.0	0.0	0.0
59	0.0	0.0	0.0	0.0	0.0
60	0.0	0.0	0.0	0.0	0.0
61	0.0	0.0	0.0	0.0	0.0
62	0.0	0.0	0.0	0.0	0.0
63	0.0	0.0	0.0	0.0	0.0
64	0.0	0.0	0.0	0.0	0.0
65	0.0	0.0	0.0	0.0	0.0
>>END_MODULE
